Date,dewpoint_2m_temperature,maximum_2m_air_temperature,mean_2m_air_temperature,mean_sea_level_pressure,minimum_2m_air_temperature,surface_pressure,total_precipitation,u_component_of_wind_10m,v_component_of_wind_10m,NDVI,X,Name
2001_01_02,272.36326583255965,282.50010637684437,278.0856923695777,102247.1937523364,273.4230742159138,101725.64688111225,1.862645149230957e-09,0.7105051161100709,0.23973962711979332,0.3313008112369285,0.00905358097982709,郸城县
2001_01_07,272.6914056591755,275.77881790908754,274.2767869248019,102318.73917999197,271.6473673130147,101783.6155128722,0.0050624594437332065,-0.706861467528527,-2.8588336727363335,0.21891745306207674,0.031687533429394815,郸城县
2001_01_10,271.75773626039177,279.9856956461892,274.47467543597776,101721.74611363464,270.13958418592944,101195.9737698558,1.862645149230957e-09,2.4047521092474677,1.5694147862678989,0.19462642733247915,0.045267904899135444,郸城县
2001_01_14,264.10612966150023,272.6523667786842,269.2891480868684,103546.49897718482,266.698211190182,102996.22687238934,6.320902175312093e-07,-0.9608007206294771,-1.0514868668950674,0.3361381256670338,0.06337506685878963,郸城县
2001_01_15,265.74718092214283,273.52897360871526,270.88407293861627,103418.04993314041,267.13680532601217,102873.11154057093,0.0,-1.4872431832363073,1.580653598152071,0.4135353052183838,0.06790185734870317,郸城县
2001_01_16,268.9976143920754,277.0999944673648,274.0363596054978,102936.34523453364,268.560779766046,102400.42176386795,0.0,-1.7422915358122173,1.3137114366702165,0.3992761715725753,0.07242864783861672,郸城县
2001_01_17,272.7225499084276,280.07158142059086,276.7755931586341,102450.4607707491,271.55869562850864,101922.77080853451,0.0004527940036180248,-1.6843120692979425,1.108345099054369,0.40036108580198043,0.07695543832853026,郸城县
2001_01_18,273.7536605302772,283.06012567901115,277.2246266302971,102530.82418963296,273.33361540146063,102002.12399108121,0.00028436995551547667,-1.3327330288127475,-2.1503671117542122,0.39197784173730943,0.0814822288184438,郸城县
2001_01_26,267.7248286026748,271.67682124309584,269.50935659039277,102469.90809180665,263.8583076071049,101930.35253941966,1.862645149230957e-09,2.090612628003615,0.34498019472576885,0.013815700929440339,0.11769655273775216,郸城县
2001_01_29,269.384485184606,279.2868885900457,274.0316525603366,102372.46570008839,269.7424357037468,101845.85851379167,4.284083843231201e-08,2.0327888564383256,0.9573980115938199,-0.004918539524990512,0.1312769242074928,郸城县
2001_01_30,272.38636694001036,281.20112721050646,277.3137314598054,101865.78084533542,270.8335999322561,101344.63793986467,4.755533219466881e-05,0.33205286259494865,1.3681042975340765,0.014619817284752512,0.13580371469740635,郸城县
2001_02_03,273.05630564463667,282.1801859250401,277.65201612242976,102304.82203590547,272.860414750473,101777.0779093668,0.0,-1.2761348935335912,-2.221284557535252,0.24448803772270664,0.15391087665706052,郸城县
2001_02_10,275.30362680491464,285.2170504633651,278.3224145183449,102589.03770497302,272.92384848403213,102062.83165249384,5.720066257020677e-08,-1.7142740675597687,-0.7594469172163846,0.27228421620107485,0.18559841008645533,郸城县
2001_02_14,274.30512081939656,284.34852506035554,279.59831981427743,102458.44423116464,271.67582298468767,101935.70853383299,4.284083843231201e-08,2.8095106278996003,2.9305433653110873,0.45648552822314153,0.2037055720461095,郸城县
2001_02_15,269.9203775309323,285.5575235722742,279.17504381732573,102996.77574238135,273.76390869895187,102470.57311243183,0.0,-0.4443938788467683,-2.0904932422237836,0.32874098765741155,0.20823236253602306,郸城县
2001_02_16,268.6363196530902,281.69466442995594,278.17989923099395,102979.96617345906,273.71649222415925,102448.89913783576,0.0,-3.1176321314159505,2.019486825593599,0.38160058677388464,0.2127591530259366,郸城县
2001_02_18,277.0637545612461,288.2161071896524,281.4817332900253,101953.06153498626,274.11062652922385,101439.78206918309,0.0,-1.4464795166691324,0.9814673163058831,0.3679456411835964,0.2218127340057637,郸城县
2001_02_19,277.45939628567055,288.3720546230973,282.6944763106745,102225.76371055796,276.9172390858284,101708.78613064806,0.00019693883864741995,-2.936248480727804,-0.4514843472317773,0.39549550583352955,0.22633952449567724,郸城县
2001_02_24,268.52110240259293,277.8020092474195,273.83917846334833,103264.30389587046,270.2733489894532,102727.02817542682,1.862645149230957e-09,-1.3966107366761809,-1.5855581766555584,0.5496245698694472,0.24897347694524496,郸城县
2001_02_26,275.5380325792186,279.48329098357004,277.63993964251046,102526.42947824603,273.65127792659354,101997.31148163321,0.004170848483257801,-0.1436196023564137,-0.2882330325826334,0.4411604648312611,0.258027057925072,郸城县
2001_02_28,276.47580385187194,285.2842623872859,281.1911609868224,102099.621006599,274.37319356637715,101582.37658470002,0.0,1.9456356447100327,0.9955839966572606,0.43550812629502195,0.26708063890489914,郸城县
2001_03_01,274.59545061124066,290.68422917289683,284.87184796701104,102162.51536476263,278.2870367384642,101651.59704489178,0.0,-0.5251528597090853,1.253788203751349,0.37201759153705877,0.2716074293948127,郸城县
2001_03_03,261.61833967988696,286.21635153031474,282.0877253499592,102315.89246883147,276.7531813227188,101796.18180733605,4.0978193283081055e-08,3.9685187469188916,-2.468901858904391,0.42859995256743816,0.28066101037463975,郸城县
2001_03_04,266.6979369413554,286.7930902644098,282.63548255923905,101910.03901483618,276.1386954186068,101393.86217516671,0.0,0.4336041146519485,2.2884346247511655,0.46227310240750685,0.2851878008645533,郸城县
2001_03_07,263.5079840534421,280.9811938024521,277.3157931936804,103105.9649670513,273.47275802836333,102573.64199158069,0.0,0.5872248008005946,-1.3863479773075056,0.44298267515359485,0.298768172334294,郸城县
2001_03_08,263.23650323262734,281.88349880609957,277.4972416898865,102900.9646246121,273.5583883485979,102370.83982542991,0.0,1.8807756477453133,0.6946344109381011,0.5327696547127212,0.3032949628242075,郸城县
2001_03_09,273.4500466868451,288.9268639236236,283.54398413344455,101899.71836104756,275.1012070843778,101385.15994159222,0.0,3.155229528563719,3.024766321071604,0.4821052297866789,0.30782175331412104,郸城县
2001_03_10,275.2136088173025,289.5582096042222,282.95144889959784,102252.55297743867,276.40349666313733,101733.57416587496,0.0,-1.8587461470078688,-1.5907438275142167,0.41888704530719423,0.3123485438040346,郸城县
2001_03_11,276.3958602231957,287.4689349118113,281.74288486950485,102272.63458753565,276.30225280408877,101756.9569196385,0.0,0.32246453830417454,0.9606130433066471,0.36842649057242044,0.31687533429394815,郸城县
2001_03_12,277.61142971811876,292.88596841754867,287.0004832930455,101931.7208229001,278.22763829297054,101423.85303756838,1.862645149230957e-09,-0.7252149724282382,2.4368717736177055,0.5016907810329417,0.3214021247838617,郸城县
2001_03_13,278.85837060274264,295.1362836791734,289.86184186586195,101040.43523610823,284.86430608851083,100541.19347687841,5.651062276363606e-07,0.8325020667874107,4.3087716559427305,0.43929962997887684,0.3259289152737752,郸城县
2001_03_14,273.46638909422074,293.3790398412467,285.25895470637244,102087.36712799524,278.6012797177011,101573.86978792952,0.0005013260094152788,-2.3689961829886186,-3.6712987738484397,0.38993483165738385,0.33045570576368877,郸城县
2001_03_15,273.3455210897726,280.28500783031774,279.17527551889054,102266.79638795547,277.8058509286841,101740.70292643542,0.01412157033368836,-2.9466820246935717,-1.6842750241426434,0.4539020054679193,0.3349824962536023,郸城县
2001_03_17,276.9784668144789,289.89961330191,284.01312470277816,101544.62894807661,276.9608655884126,101035.83041701924,0.0,2.4865942382146247,1.5067369124312846,0.4358995957861283,0.34403607723342944,郸城县
2001_03_18,277.7498368696056,292.6217109099828,286.8212618318104,101569.75251166617,281.6367097988599,101065.18631093894,0.0,2.2594241796911514,1.3082686610223857,0.49283017956649006,0.34856286772334294,郸城县
2001_03_19,279.1530078877579,294.00578454483116,289.1070688155794,101208.96860818828,283.4875100540601,100708.39179874881,0.0,3.37592422010063,0.9959381190896883,0.5240192109536321,0.3530896582132565,郸城县
2001_03_21,280.4043540013962,298.8882950965246,292.4778822526903,100610.81954135741,286.323772504537,100115.8018694552,0.0,2.208810333489641,1.8912667281782913,0.5587048683819286,0.36214323919308355,郸城县
2001_03_23,280.76823844265965,289.91960629609736,286.8494695142837,101131.15911032169,282.19549128879805,100628.45092643233,0.0,-1.0356967990338746,1.2001766544100363,0.4289755749248952,0.37119682017291067,郸城县
2001_03_29,277.3818007686385,291.05729632902813,285.98928174191826,101096.580588519,279.6370665140873,100591.75183176648,0.0,3.1716407082017124,1.9801704351052238,0.5853421100326226,0.39835756311239195,郸城县
2001_03_30,273.92247133268035,288.11843838411704,283.2867347136324,101922.64225148545,278.74047645941573,101407.17731574019,0.0,-2.927698024444641,-2.2703954258887884,0.5682738666964704,0.4028843536023055,郸城县
2001_03_31,272.8318662418571,286.88455093736576,282.3671145042093,102421.29831077119,277.82833452048334,101903.06331145002,0.0,-2.4980432086646864,1.0224301039520065,0.6190938334456927,0.407411144092219,郸城县
2001_04_01,280.70945939658657,292.1408823288133,287.5720795765382,101359.57277972705,280.72230194064133,100856.39188308106,0.0,0.3975036550027085,3.0853804437359864,0.6081197420812758,0.41193793458213257,郸城县
2001_04_02,284.53533285545626,297.89719752148716,291.3466234080621,101166.58120410543,284.49429381612885,100667.09960732382,6.655413656485369e-05,-1.2827346364156909,-0.5237601746715413,0.6153619978291274,0.4164647250720461,郸城县
2001_04_03,274.1909060423011,289.6142209339406,285.1481128767472,102146.6475363256,280.3743722163935,101634.18757823636,4.284083843231201e-08,-3.2904566616875766,-0.2993786248205977,0.5571086327509683,0.42099151556195963,郸城县
2001_04_04,274.7474325342544,290.0819827769074,285.8700677471618,101732.26094631306,281.8952014829904,101225.31884000788,0.0,-1.5429902720855209,1.8730061246994736,0.6724827831133271,0.4255183060518732,郸城县
2001_04_05,279.63741271573804,294.0608198325679,287.77290690933665,101661.0051762847,282.69535673704013,101155.71208201762,0.0007135129976105334,-2.124772159374155,-0.9144704664489115,0.6278457328273866,0.4300450965417867,郸城县
2001_04_07,285.2927249519601,294.35756358970747,289.88302325768524,101075.46484136574,283.5878702617125,100576.95074829189,0.00021091189996585289,-1.0296759627631087,1.5720252186727308,0.5112643621174061,0.43909867752161386,郸城县
2001_04_08,286.513624815527,295.2092982061324,289.84647896238806,101033.79261889795,285.81668747450937,100533.15472230122,0.00020972249538762005,-3.348242697946831,0.5352756546409715,0.39575254052374365,0.4436254680115274,郸城县
2001_04_12,276.77016374174224,293.89534203072697,288.9756019224576,101266.46595339388,282.74892447542584,100764.05040913993,0.0,2.330397612432008,2.7184529024290915,0.6082602886005752,0.46173262997118153,郸城县
2001_04_13,278.7401748979149,293.30311461593055,287.01025391828483,101841.30466003048,280.93195104860047,101335.80917858142,5.067406741224061e-06,0.6793611945635256,-1.782589142632196,0.42095054830461204,0.4662594204610951,郸城县
2001_04_14,279.1248104317232,294.27218915349243,288.7855786054886,102085.21926175986,282.92781556347717,101581.45614083548,0.0,1.917557430805991,2.0677855101442115,0.6425915509928961,0.47078621095100864,郸城县
2001_04_15,281.5221807563765,298.08141339403045,292.98466925073427,101366.12511831864,286.64055154042296,100868.09132646045,0.0,2.001188596379299,3.2467559411783435,0.6689378152404505,0.47531300144092214,郸城县
2001_04_17,286.0927943166504,300.8592902088037,295.1588298544406,100883.26671812039,288.7265706091585,100390.47688701874,0.0,-0.3983127033126465,2.8851503848570816,0.6048488483372093,0.4843665824207493,郸城县
2001_04_18,285.75019302746944,301.3347359955963,295.77883298678483,100493.07762271569,290.2460327349819,100003.34735225624,0.0,-0.03736682876735783,3.131167070415655,0.6312232225408376,0.48889337291066287,郸城县
2001_04_19,282.3718179796574,299.6262867217914,291.8622163462193,101012.77672615119,284.4318787260695,100514.08801883634,0.003219579503423268,-3.192698201858153,-3.1286451190842612,0.622395005062925,0.49342016340057643,郸城县
2001_04_21,277.95452063799684,292.2932959093152,287.21486605012143,101960.81584795505,281.19986602887406,101455.61467157226,0.0,-1.6230303802963286,-1.5868213267085316,0.2442228516599943,0.5024737443804035,郸城县
2001_04_22,277.84337572590607,295.46420702029377,290.87104292022894,101683.80524116539,286.7926448686875,101181.83144480125,0.0001331522249354037,-1.5134813439444168,2.315709154090901,0.6798766962262379,0.507000534870317,郸城县
2001_04_25,276.8973533358388,294.95174255344057,290.3231269263402,101805.94697963879,286.3173773549609,101302.36015602046,1.862645149230957e-09,-1.2759058511991344,2.620726200204616,0.49757050275367826,0.5205809063400576,郸城县
2001_04_26,282.4059007558398,295.99821292194616,291.5828659832789,101367.46982558089,287.65054106289006,100867.6354356848,0.0017914386154249545,-1.7345416303051886,2.8394704000785937,0.6129028694985137,0.5251076968299712,郸城县
2001_05_02,286.173118444172,300.9101420809791,296.4942726107563,100791.42616110767,291.2654180016142,100299.26292831654,4.582922080462971e-06,0.7912487894866094,3.708655203042709,0.5949353856678532,0.5522684397694525,郸城县
2001_05_03,289.2352918917771,302.38232092034195,296.30024474617113,101049.66167438004,291.1720049321836,100557.1385610729,0.0011245323106794975,0.11898725830212549,0.47774615301311496,0.5786684970066464,0.5567952302593661,郸城县
2001_05_05,288.39918863109955,298.6691388214623,294.00990164839493,101009.94967250858,289.6957258448181,100514.34856632655,0.0,-1.7078551248689817,1.1481674319295103,0.6467357543894378,0.5658488112391931,郸城县
2001_05_08,283.7855178189636,304.1585117992978,297.4289886951817,100661.41355654705,290.37219764360896,100171.2199602873,0.0,0.499083590842767,-1.1047395721811706,0.6420504280952612,0.5794291827089337,郸城县
2001_05_10,287.10419834583496,303.22015160306796,296.91678797690884,101179.2689784872,289.9157707975796,100685.95014467099,0.0006280554827256445,1.1673845133182381,2.200483317430565,0.591995750921271,0.5884827636887608,郸城县
2001_05_11,289.65936075062825,302.4414557637714,296.9076456419951,101396.63106883706,291.4635567019978,100902.40656954754,0.0004949555059589752,-1.4651018813370607,0.5613296476432068,0.5765049980248935,0.5930095541786744,郸城县
2001_05_12,286.42949785443324,305.1645377250361,299.52245670397895,101053.58892063877,294.61301272115526,100562.77866838359,1.3126849144488653e-06,-0.7082223407506466,2.909873380472022,0.5692118650487785,0.597536344668588,郸城县
2001_05_13,285.4465910180885,305.9377460964464,299.5553061634656,100705.62215945043,292.1494909397151,100216.70522491809,2.016453775868886e-05,-0.9828779219390864,3.3482199871780285,0.6130793013009105,0.6020631351585015,郸城县
2001_05_14,286.55077072539416,307.14907177025077,300.71706698064816,100932.16260185276,295.3855569378831,100442.8939302068,1.3565236932068752e-05,0.5317620358547308,-0.9427032364166046,0.5879833124476496,0.606589925648415,郸城县
2001_05_16,281.3055682846436,302.699427326358,296.5995523928202,101220.74581865237,290.63489016777226,100726.95883800747,9.700072100119786e-06,2.399397833907429,-0.5356420525904988,0.5555118721432681,0.6156435066282421,郸城县
2001_05_18,285.3193858620328,305.52112270512157,298.320365749507,100567.01868097615,290.4743655844839,100079.94545124419,0.0,0.9435151437081899,-0.13975836938187775,0.39173459994858445,0.6246970876080692,郸城县
2001_05_19,284.46201800906687,307.77304125076085,300.78692375950834,100265.78446429831,294.0800398517343,99781.4066781554,0.0,0.8562663764610251,2.7649186596292266,0.52164115091097,0.6292238780979826,郸城县
2001_05_21,290.7395786271511,304.8470509355209,298.96692297969395,100285.97547841215,293.1039340016715,99798.11296612253,1.5853300197627436e-05,-3.038378103060077,-0.0957856813471495,0.5100223051117136,0.6382774590778099,郸城县
2001_05_22,290.599556629312,304.00320956586626,298.21379588745657,100499.88503487008,291.35659799023813,100011.53623850484,4.95979469039299e-07,-1.9236130867412955,0.7524544708574707,0.5372768230924835,0.6428042495677234,郸城县
2001_05_23,287.40191060518737,307.4668063728189,301.86407202865206,100351.72287483662,296.06689454806644,99867.64081526131,0.0,-0.5946925215535843,1.464418606925683,0.48762315373983295,0.647331040057637,郸城县
2001_05_24,288.7877817418471,306.0393283447406,299.8464209292515,100558.10942963052,295.2890596800943,100069.43380216433,5.343038333986762e-05,1.8033982029854514,-2.168113112098271,0.43579740798590916,0.6518578305475504,郸城县
2001_05_25,290.1146804437489,303.23425393744805,297.74325895744926,100896.27991297268,293.5799713493639,100405.18266085176,0.001078151314920675,1.9936164220575163,-1.0527018053795973,0.3848375633413938,0.656384621037464,郸城县
2001_05_27,287.0725100353508,303.3352500961159,298.49165367707064,101091.70032756915,293.1299962991995,100599.803851333,0.0,1.5355077577886278,0.9104368298146591,0.37191242156616733,0.6654382020172911,郸城县
2001_05_28,286.99619584244425,305.49937913904927,299.30848396656694,100545.94860018042,293.5563275962059,100056.700106671,0.0,2.957611750968521,3.7330031195005957,0.35962757117866556,0.6699649925072046,郸城县
2001_05_30,285.50460239889827,301.0043056716882,295.1489828430314,101134.2971488532,288.9755024089415,100639.11509249073,0.00024669414169562376,-0.3410315124342511,-1.9420954938503476,0.35535368143086926,0.6790185734870317,郸城县
2001_05_31,284.4794049590181,303.0625717332862,298.61119379425804,101171.61958834158,292.7308058097426,100679.40870725356,4.284083843231201e-08,0.9156718620777154,1.5545409819913083,0.3339503859448434,0.6835453639769452,郸城县
2001_06_01,287.60597701925366,306.81085221575825,301.1938543011523,101043.95134875238,294.65066971196296,100554.15902402769,0.0,1.566658835070369,2.089698807792402,0.34227577473724535,0.6880721544668589,郸城县
2001_06_04,285.46453686966106,303.5195335653819,297.3180688018129,100486.37704009708,289.93826990411645,99996.30205097327,0.0,-3.2998946421016178,0.2118799240853412,0.32063510313002425,0.7016525259365994,郸城县
2001_06_05,288.9129799164665,303.78790347295666,298.0452951861259,100369.38587023092,292.27120470264,99879.48741763813,7.630389762469029e-06,-2.1153961347592745,0.9086213581986642,0.3168517328714517,0.706179316426513,郸城县
2001_06_06,287.73846869449966,306.6503113895327,300.9660303477943,100527.34717036941,295.58626666546144,100039.43351473295,0.0,-2.3306133250699608,2.310477455133196,0.2985392970052006,0.7107061069164265,郸城县
2001_06_07,289.3183296315433,307.4049910049732,301.85647268722414,100440.17110107577,296.30483199102366,99953.589063214,0.0,-2.8814963079900924,1.819644892357077,0.2992703533629388,0.7152328974063401,郸城县
2001_06_10,290.0578589955033,305.18911494700427,299.8062570534681,100689.82630126257,294.43304408747963,100200.68813035898,4.464420119245096e-06,-2.160252988130712,0.23785486821234858,0.26043407764350546,0.7288132688760807,郸城县
2001_06_11,291.21671469486324,306.3435877196257,301.23204936332854,100555.67121387497,296.5037554174333,100068.26964034323,9.472690615317712e-06,-1.5068470269378782,1.1541931087714548,0.3152870954447269,0.7333400593659942,郸城县
2001_06_13,290.5741983916555,301.7877902809045,297.34830814845924,100167.22000262867,292.43738804598286,99678.65293344353,0.00035850307754390726,-1.5001175551037562,1.2640568867019686,0.31296547658122226,0.7423936403458213,郸城县
2001_06_14,290.21870876455137,304.4649908420161,299.7121317616171,100178.77373764866,295.2175604855151,99691.49949146449,2.794083576551693e-06,-1.7238590255203103,3.4248501095832338,0.2402931882139798,0.7469204308357349,郸城县
2001_06_15,293.14556109113505,305.2505209665738,301.118119306611,100029.89327509004,297.8826135283405,99545.53186127318,0.0015301221378870237,0.18687352764358206,2.766001648859622,0.2691378112290202,0.7514472213256485,郸城县
2001_07_04,296.36897809156255,309.7849955277065,304.77198370274215,100098.534495981,299.66257625354484,99616.32821597208,0.00027454592400715877,0.6276131174626622,0.8453637471274511,0.4120213027675368,0.7605008023054756,郸城县
2001_07_05,293.88264667135485,311.9562966509918,305.8717584006645,100224.39859490491,299.7476559304833,99741.61988159157,9.09004591192262e-08,-3.8101012517106256,-1.3806273156447593,0.4663333810334106,0.765027592795389,郸城县
2001_07_06,291.72183467680975,310.2126135546096,304.4677063944108,100613.86257708231,298.61967902825825,100128.09777771297,2.5450529716911553e-06,-4.3221898880542975,-1.6579466726480532,0.42774380656607425,0.7695543832853026,郸城县
2001_07_07,294.1822335833701,308.65393542535713,304.5974381505773,100696.93714815832,300.4843658742996,100210.68182274082,2.03599387345366e-06,-2.068863827004689,1.6223085669626782,0.4642006560425829,0.7740811737752161,郸城县
2001_07_08,296.6660898936435,311.24442938285375,307.0737418293387,100348.32297976542,302.74318337601244,99866.08757991724,0.00020837462402108407,1.0229438904459305,3.515751806908365,0.4082978980861918,0.7786079642651297,郸城县
2001_07_09,297.85543645989054,312.8714571249635,306.1015659077408,100029.51097101829,300.719701976421,99548.4762422364,0.00909520298239867,1.2642858470634335,0.8996306719019102,0.4105496606755251,0.7831347547550432,郸城县
2001_07_10,298.2925083391413,307.39286929636387,303.5841388284902,100053.23423249942,298.86174084596496,99570.01551730541,0.01579506254441097,-0.01961000722734459,-1.3385118143575747,0.4408102975311247,0.7876615452449568,郸城县
2001_07_12,295.96806010087477,305.06480327291325,301.5732096176617,99980.48702485782,297.5946747751868,99496.88029679561,6.401242861709716e-07,-1.4056691116436912,0.2966909555876842,0.5001140871833718,0.7967151262247839,郸城县
2001_07_13,295.4856508880459,308.63654595997946,303.5162077754304,100100.1115583067,298.6885418218233,99616.43447202112,0.00021025774109826245,-2.439027501470611,0.2015481355443656,0.5096426252796764,0.8012419167146974,郸城县
2001_07_14,295.3074544325119,306.94366732042624,302.268181239683,100378.5042436645,297.14669732133746,99892.48160639018,0.0007406290254368668,-2.220092436215566,-0.3657647226225308,0.4066820618317129,0.805768707204611,郸城县
2001_07_15,293.4013946471473,307.0812654885693,302.4901680600942,100580.45724238643,297.46699359000894,100093.49483751738,7.953589871241608e-05,-2.801253849258744,0.5824803261662451,0.5341755732503782,0.8102954976945245,郸城县
2001_07_16,291.34474779417536,307.86766883965413,302.8216503239592,100502.48918543143,296.8020207675171,100016.55521504645,0.0,-2.605157102426457,1.3923006645451919,0.5888127339856201,0.814822288184438,郸城县
2001_07_17,289.6573142914427,308.8817479581565,303.39029854319625,100336.49852683346,296.8626423139808,99851.71872640777,1.862645149230957e-09,-2.897432511645501,1.779411628138776,0.5440889983039053,0.8193490786743517,郸城县
2001_07_18,291.29937364753465,308.8712256086065,304.146764104155,100196.4098911118,299.48696274121926,99712.46150583109,4.470348358154297e-08,-3.007175742764672,1.8426736806846737,0.5267022321777037,0.8238758691642651,郸城县
2001_07_19,296.44646006192215,309.4147756755229,304.85057741797584,100171.13397186247,301.14426628212647,99687.69979533493,0.0011956542467424691,-1.9945949377864356,1.1381450601460619,0.6045761136483839,0.8284026596541787,郸城县
2001_07_20,297.9679239262785,309.74056442595946,303.6611442751283,100105.38227021978,300.20034022106137,99621.71821712895,0.009599145259380881,-1.1407394888699094,1.2700247732042076,0.509995031219802,0.8329294501440923,郸城县
2001_07_22,297.7133585371602,307.09116642851546,302.34973165450833,100479.72051011822,297.93160897294723,99994.45446506,0.006795456512318662,-0.6283905983860596,1.3297009793134598,0.6437328802245958,0.8419830311239193,郸城县
2001_07_23,297.3947145748594,306.4695521874821,301.11776784153653,100399.61549645259,298.02702129919237,99913.65898371849,0.006304303025212381,-2.5733117449070044,1.1334425746631838,0.7156864885449494,0.8465098216138329,郸城县
2001_07_25,298.9575458205182,306.1602319362426,301.8217276016007,100439.41247181193,298.551525109682,99953.42110188169,0.00715084791199535,-0.6767681021599244,0.49272871494024584,0.5962440237323833,0.8555634025936599,郸城县
2001_07_26,298.7107054870042,306.7545889042938,300.9153085491669,100458.71485428487,297.90287305365973,99972.15208300525,0.01109000169069153,-2.304442120370034,0.4200978472426727,0.6860005471011807,0.8600901930835734,郸城县
2001_07_27,297.5641747573744,305.82667938213854,300.17977600913196,100208.6147962857,294.35733242054005,99721.90980857224,0.0034808693309520905,-0.16540119619460472,-1.032750599838648,0.7250952644330536,0.864616983573487,郸城县
2001_07_31,295.19888511455457,302.58315370766,298.7622313801891,100324.60200751736,295.89653985358837,99837.19199023616,5.986981392643272e-06,-0.35118159869085114,-2.92743123971738,0.7042766631331118,0.8827241455331412,郸城县
2001_08_01,295.4658258353621,303.1114513351657,299.27677403647925,100403.41956094412,296.1000834074598,99915.32294635696,0.0007401615051663859,-0.10886319020928185,-2.972489369937477,0.7472737441692483,0.8872509360230548,郸城县
2001_08_02,295.78611163727925,303.442397068927,299.9144759949391,100885.8134496287,297.20930388237394,100396.5234435531,7.60993583350799e-05,-1.2101406232873417,-0.9379594910737797,0.6725916532129713,0.8917777265129683,郸城县
2001_08_03,297.66980428039426,305.2686500620787,301.1137643825479,101232.75052066709,297.9482872072493,100742.42669692109,0.0028470486131838262,-1.7593562775412095,-0.11259862106368614,0.7342886505208167,0.8963045170028819,郸城县
2001_08_04,298.6880775754914,304.35200819535055,301.31927658187175,101086.26248152631,298.7700678873486,100596.70599567822,0.0034736381986024134,-1.7037748162716944,0.0423649325249925,0.7682420062853796,0.9008313074927954,郸城县
2001_08_05,299.71813106113274,306.5138239663627,303.2490982158234,100479.80933385283,300.7114790614475,99994.64383332412,0.0006296564773385295,-0.5060297893439626,1.353811250359911,0.6795591460522881,0.9053580979827089,郸城县
2001_08_06,300.08262658495266,308.5239659224627,304.3618299831879,99985.11302741537,300.47541914768664,99503.42300796935,0.0006455299927492675,0.3204650161413202,1.6192379412702926,0.8130935629440385,0.9098848884726224,郸城县
2001_08_07,298.6917562386425,308.64630646016775,301.6384697848999,100254.84246186778,297.87572112916934,99769.49715913572,0.019256854426552606,-1.0621952972767026,-1.3326210914391607,0.7499026362372108,0.9144116789625361,郸城县
2001_08_08,295.5517753815066,302.33677013679437,299.1117352734205,100912.5917333432,296.40203047104274,100422.39770622882,0.0008952558319013063,-2.145754372216182,-1.854351425533992,0.2809323296392754,0.9189384694524496,郸城县
2001_08_09,293.03284424240286,302.1716991873116,298.9502681042557,101218.60783659054,296.6017464055553,100727.04120484581,8.510965192384656e-05,-2.3843761756159103,-0.865518943975875,0.7425884217903129,0.9234652599423631,郸城县
2001_08_11,292.7767132037879,302.315947134541,297.8468801410124,101319.80557261339,293.28494073756775,100827.58326509954,1.8319234416480128e-06,-0.537521894590914,0.010323759633798606,0.8011597331029873,0.9325188409221902,郸城县
2001_08_12,292.48646229560387,303.6089200092015,298.658890123937,101115.97668730967,293.5497095573646,100625.80659226593,8.961827087799442e-07,-0.39138092571152167,-1.761372512381196,0.8038157193223479,0.9370456314121038,郸城县
2001_08_13,293.01177807034895,303.8041195579071,299.48902031406965,100953.30847762167,295.8776610585761,100464.19037818225,1.0757067329375945e-07,-0.6941809887397771,0.48554348249662266,0.801258560911202,0.9415724219020173,郸城县
2001_08_14,293.74591064266673,304.863782332167,300.43881745116636,100854.00788607355,297.10070796230553,100365.28809643984,4.579454892163671e-05,-1.7990605991589235,1.5595479312391125,0.7701675320604655,0.9460992123919308,郸城县
2001_08_16,295.8737228412942,301.9017812002296,298.6484878566618,100716.87616470995,296.2566392554725,100227.16100773659,0.0013161146165773744,-1.9455473876408698,-0.041202930599023815,0.7423127152678018,0.955152793371758,郸城县
2001_08_17,296.02565168327084,303.5263502811163,299.1713380837205,100766.4539550404,295.80565512560275,100276.60731534712,0.003636394508382534,-2.259130970977608,-0.268346204895044,0.5702847127265072,0.9596795838616714,郸城县
2001_08_18,296.6819903934397,304.84141591013787,300.97710524914606,100753.55527312076,297.4583025437088,100265.15313383122,0.0003840430898841654,-3.200068456295077,0.6205157061690162,0.7486636732926011,0.9642063743515851,郸城县
2001_08_20,295.49803182239907,304.6596870046176,299.80301341419647,100744.3480641952,296.7340820522435,100254.60988744943,0.002067870072436147,1.3758976896549417,-1.5540578318145712,0.7962243842066778,0.9732599553314121,郸城县
2001_08_22,295.40695505983274,306.7579976255473,300.9966104830956,100085.75876484759,296.2382076521487,99602.88213593901,0.0,1.478705821097045,1.4518315317998292,0.789818677479424,0.9823135363112392,郸城县
2001_08_23,295.715346692001,307.53090044572133,302.1416130861383,100062.20503186616,297.5472876430178,99580.0907970118,2.6309692511144368e-05,0.09006353475456425,0.9658018752645896,0.7719615787056208,0.9868403268011529,郸城县
2001_08_24,295.8696969388855,308.4137566058309,302.09943345973943,100350.39375841644,297.130107153704,99865.60249265784,0.0004546975750744967,-1.925879954283739,-0.7353783057470569,0.6842730787534211,0.9913671172910663,郸城县
2001_08_25,294.84641003690774,305.9152444724527,300.7053829991136,100866.8686160936,296.2442221826321,100377.46509783807,6.352325335492548e-05,-2.237296560964507,-2.1638981670366584,0.7265794367775243,0.9958939077809799,郸城县
2001_08_26,291.7399290537838,303.6950698251866,298.8322193951954,101137.8409158585,293.9380943111398,100646.42119835217,0.00022967802742250565,-2.491920482596795,-1.8387501083857234,0.6473717799839466,1.0004206982708934,郸城县
2001_08_27,287.38806649436134,302.3946519275883,297.00410854325827,101085.09234338262,292.9203481121305,100592.52910546598,9.773758256093511e-05,-1.8680978022110166,-1.7436030198664194,0.7382631946876811,1.004947488760807,郸城县
2001_08_28,291.6319890256299,301.83297258119615,297.9820195165485,100996.4911535359,294.54830371025315,100504.63067849242,0.0006883858354847646,-1.9881518552852522,-1.8797180564347573,0.6985645712247196,1.0094742792507203,郸城县
2001_08_29,290.69070319569994,302.01512187931917,297.0927609987579,101047.7958149647,293.73126633198416,100554.1607963042,4.798349027715997e-05,-1.9873972750446334,-1.3895514596311351,0.788996822177352,1.014001069740634,郸城县
2001_09_01,290.9727977035983,303.38764286986424,298.0605787879039,101081.56115785005,292.9921160591336,100590.45553231485,2.063477246472098e-06,-1.7799094257171577,-0.9969052353999038,0.7495179237060727,1.0275814412103748,郸城县
2001_09_02,289.8683800907096,304.40045315715224,298.6558650486225,101297.46294176218,293.58228819648866,100805.4708945544,0.0,-2.607544787039966,-0.3836896848531955,0.6991318678057568,1.032108231700288,郸城县
2001_09_04,291.5935097022328,303.48254943142786,299.40589201829073,100900.84507253404,295.55698516500235,100410.84152347903,0.0002927340526107705,-0.8253062154538322,1.5800086385005003,0.6560078942413763,1.0411618126801152,郸城县
2001_09_05,291.9633299214351,305.0500722693586,298.3547350836141,100820.04173043139,293.15015878110677,100329.58761621038,0.0011941054717824653,-0.28005469927282006,-0.6396721919987101,0.7100868995382579,1.0456886031700288,郸城县
2001_09_06,287.25645012660317,303.22670295727005,297.0544556875995,101191.45621990964,291.85083305124783,100699.0893187858,0.0,-2.396249281407462,-1.0035325302000506,0.7102395589859938,1.0502153936599423,郸城县
2001_09_07,285.3953335625072,302.33426856973216,297.7883117567712,101197.37508612798,294.80927231889297,100705.22578932384,0.0,-1.8328978840153682,-0.019776683715969193,0.692119159330049,1.0547421841498559,郸城县
2001_09_09,287.9361831165382,301.6390097298133,296.79417721272733,101393.09329115356,292.8890597276798,100898.73145846053,0.0,-0.7467379475430268,-2.86828137949066,0.6488563430737547,1.063795765129683,郸城县
2001_09_11,286.9691525851844,301.942969085907,296.1843819748645,101353.44863152083,291.21209153684225,100859.78231412375,0.0,-1.105910433453713,-1.815154017831266,0.6433537639349054,1.07284934610951,郸城县
2001_09_12,289.46966244371157,302.8513496301672,297.6021157812246,101258.53271544258,293.1138936884742,100766.00835884371,5.975274414289664e-07,-1.4136479713958254,-0.4157406075147475,0.6035185426801343,1.0773761365994237,郸城县
2001_09_13,290.4297674884772,303.46552419179443,298.40284735545623,101126.82116783626,293.826749955807,100634.87450179739,9.170085000316224e-05,-1.7409633470783115,0.025938238085673405,0.5749559893115628,1.0819029270893372,郸城县
2001_09_14,289.09200176605304,303.71228370056616,297.93078448843636,101293.94222742306,292.10804254824296,100800.97582020568,0.0,-2.515410329727852,-0.222254332504109,0.611567346829083,1.0864297175792508,郸城县
2001_09_15,288.33063180693523,303.2788384310396,298.3865322855455,101207.81007266496,293.8843244567551,100715.94705672226,0.0,-1.97679480314925,0.31111789775432136,0.6121705165436238,1.0909565080691643,郸城县
2001_09_16,289.485087373322,305.4789692308357,299.95694389414797,100925.07285468988,295.964914607779,100436.0289567337,0.0,-1.1302262993404801,0.3552304037692565,0.5517707076650874,1.095483298559078,郸城县
2001_09_17,291.9244934365592,303.11683437130745,298.2337835403671,101098.42252562835,295.774928409998,100605.7179969521,0.00046196021751313606,-0.515666549872467,-3.0239050862772823,0.43644499138862614,1.1000100890489912,郸城县
2001_09_19,285.02887449793764,296.20590989704374,293.99583863542307,101787.84764547995,291.7029244766355,101289.07699301779,0.00013376607869044555,-3.031032774018203,-2.8947394559944226,0.5329257163286159,1.1090636700288183,郸城县
2001_09_22,285.62452658980703,299.06257876543214,294.2173677250272,101993.03292101642,290.8724603264529,101494.12288929992,8.650403780237952e-05,-2.59914148241422,-0.036411223948098224,0.5458061258117439,1.122644041498559,郸城县
2001_09_23,288.68366727083776,301.66950303734615,297.24918192744923,101499.75252850415,292.3729200495837,101004.85199586384,1.2520617226810087e-06,-1.32305450508457,0.7659470029105794,0.4877525340805918,1.1271708319884728,郸城县
2001_09_25,280.77459955131394,299.3597079498709,293.62563274559335,101781.54604716317,289.851787497877,101282.78624306511,2.333464030274204e-05,-2.611852345503194,-1.343637808995111,0.5193356231375988,1.1362244129682997,郸城县
2001_09_26,283.15551219087183,298.61840690483143,292.84728455633,101525.31808613936,287.7468355005977,101028.07988635033,4.003529287652175e-06,-1.6203288513348832,-0.6210564403076716,0.48802779482094755,1.1407512034582132,郸城县
2001_09_27,282.8637146875796,300.3028312068545,294.55308830288686,101865.15280182082,289.7319610523077,101366.56341253352,4.284083843231201e-08,-2.9459288188498234,-1.7880293110059384,0.47341929085492723,1.1452779939481268,郸城县
2001_09_28,285.49207734038436,300.5911706797244,295.4453485997619,101853.55691194757,290.7060341884661,101355.30594194497,0.0,-3.4630885695187814,-1.1062869275560863,0.45199256265032606,1.1498047844380404,郸城县
2001_09_29,288.18647456475026,297.75915746708836,293.03619207631385,101657.73546313385,288.8699076288242,101158.16224961981,0.0,0.01592305896805333,-2.5592332205622355,0.39924876123325537,1.154331574927954,郸城县
2001_09_30,282.52707531420253,299.24387849925125,292.2533552308392,101581.83254501743,284.8992700938694,101085.02897648908,6.735409375215741e-07,0.3917231789923087,-1.6347281311211717,0.37382095528232484,1.1588583654178675,郸城县
2001_10_01,281.4159813102958,302.02004592092504,295.0205410392386,101626.03579196283,289.3709808670541,101130.90533454655,3.455228304465308e-06,0.5592322365571386,1.3614569275075759,0.41051702880654634,1.163385155907781,郸城县
2001_10_03,282.8136209746541,297.97441376294967,290.32934825151784,101856.09772672283,283.1220869465369,101352.0736962415,1.7968375489232296e-06,0.18546981168780943,-2.671837005227443,0.3469614387214,1.1724387368876081,郸城县
2001_10_04,279.525409580258,295.01503305795757,289.5693495973846,102046.92404295728,284.4102458607349,101542.78368989525,0.0,-2.114332109538182,0.5506426293867802,0.4017319850169036,1.1769655273775217,郸城县
2001_10_08,283.87396047336205,295.61291556249375,291.44927304585195,101541.86827864934,287.10912898126134,101042.36781578201,3.3963287959330713e-07,2.6242656232230144,-0.7714550233968986,0.35223569383040976,1.195072689337176,郸城县
2001_10_09,277.4345375682015,298.48140230624915,290.5998103194304,101497.53669474415,284.0119816067862,101000.10396125888,1.862645149230957e-09,0.9807757240338106,-1.8009981923803295,0.3566675952413556,1.1995994798270893,郸城县
2001_10_10,280.8107865018625,298.44105701761646,291.3021181229893,101891.32193014426,285.2943304406676,101391.88667619141,4.470291778389096e-07,-1.4982511331692132,-1.1913642050014173,0.3619307313968405,1.204126270317003,郸城县
2001_10_11,283.79892669230725,298.3685975040281,292.94610741066754,101980.55979767967,288.58107762438885,101480.54024537637,0.0,-2.5398474014565733,-0.36994221964048213,0.3105654175833481,1.2086530608069164,郸城县
2001_10_12,283.7837542071696,298.30480228656313,294.0908215732274,101985.39811346939,290.4140279789072,101485.1389689034,7.834614085026769e-05,-3.401311126836597,-1.1592001094244742,0.33769100763154597,1.21317985129683,郸城县
2001_10_15,286.42297095803144,294.98994596722696,291.6269301403494,102033.93555107874,288.9027992749004,101532.52525541719,4.5891116546992744e-05,-0.5423730262753136,-1.1728245663576526,0.27360817177811814,1.2267602227665706,郸城县
2001_10_17,278.1396230882584,294.96243632414644,289.4526177323047,102166.89313099167,284.83655275847246,101663.1701665243,0.0,-2.2012202823828253,0.5300002225668209,0.2765386502432033,1.2358138037463977,郸城县
2001_10_18,279.60697082811845,296.6352840305619,290.634741686017,102210.72572708885,285.5480157106227,101707.32013095923,0.0,-1.3326330918846807,2.5862721135424764,0.280808928650432,1.2403405942363113,郸城县
2001_10_19,281.5794440132724,296.8697627660295,291.8028065032534,102308.12811555849,287.51304207209967,101804.52190614944,0.002000555555147889,-2.2256427749786845,1.3452373526415728,0.27643178994935613,1.2448673847262248,郸城县
2001_10_21,285.34732597660565,292.94368238630085,289.1063577062078,102015.41553207082,285.0232118431807,101512.85500788224,6.400009022245625e-06,0.297196350991959,0.3452311953458916,0.1694896851029341,1.253920965706052,郸城县
2001_10_22,285.7334835094654,296.188569789746,290.887585020304,102100.80895578966,286.4738132339215,101599.58842892224,7.18169272476511e-07,-0.994546251177623,0.46510057196410964,0.22293791336903282,1.2584477561959653,郸城县
2001_10_24,287.9761939322562,295.48186797126806,291.82180563762535,101847.99530674852,288.06947328066354,101347.42585769811,0.004119169159903329,-2.6003477697404183,0.8693035608333631,0.3118379093864077,1.2675013371757926,郸城县
2001_10_28,280.59516711828326,292.6303736887146,286.1667514335815,102451.74469311208,279.6008540813595,101942.5631046774,0.0,-1.1187271053579875,-3.1568770220064932,0.26977333979845525,1.2856084991354468,郸城县
2001_10_29,276.7315093110952,290.79481643478266,284.54481678669043,102302.33045345898,279.92905255876127,101792.50676183662,0.0,-1.1554657865103999,0.733153907059297,0.29194396419765073,1.2901352896253602,郸城县
2001_10_30,281.79840392409204,293.57873141856425,288.23543274425236,101845.59131074527,281.93432433213025,101341.34338283245,0.00015459055313328564,-0.4049096119313451,2.2254666344002723,0.2796597591048838,1.294662080115274,郸城县
2001_10_31,284.3169108969186,294.1204209554751,288.3338113306225,102060.12159712044,283.49626156623333,101554.16933933605,2.520521420921924e-05,-0.005842500028123166,-1.9013300128707282,0.19102967339562077,1.2991888706051873,郸城县
2001_11_03,281.5352673377177,289.48259239402825,285.8963786768905,102431.65964018217,282.8125286115627,101920.61149851077,3.445953081379034e-06,-2.076792952739513,-0.1565813919648008,0.28979200838926694,1.312769242074928,郸城县
2001_11_05,272.2427100338146,289.07642684070777,282.29060648826567,103068.71228480687,274.8207520511259,102551.30202644023,4.284083843231201e-08,-1.069586624950721,-2.3287331259167225,0.24480109221704,1.321822823054755,郸城县
2001_11_08,277.4604636180833,291.0426218486825,285.13838545150605,102615.51016442342,279.91681923072167,102101.41559449812,0.0,-0.7808345811009617,-2.387878390179717,0.24862790883422167,1.3354031945244957,郸城县
2001_11_09,273.7376763763036,287.70807598619393,281.1065683017411,102926.64520942958,275.45192311588636,102408.73984837638,0.0,-1.260513337743784,-1.5572938179220872,0.2616391431896137,1.3399299850144093,郸城县
2001_11_10,274.4851897972998,288.74614565582885,283.70347811577864,102203.90338015641,276.47338392489155,101691.38580393205,0.0,0.9588556427307979,2.085281310608353,0.27383623358827736,1.3444567755043229,郸城县
2001_11_11,278.6731433203323,292.6353371639134,284.45844390190194,102177.55480084658,278.5897783686497,101668.26067663099,0.0,0.20080079233380993,-1.6270016507715628,0.2261045688497697,1.3489835659942362,郸城县
2001_11_13,272.0678541873201,287.9954607354989,281.002108808957,102870.96298299977,273.8644520183538,102346.62670286332,0.0,1.0830773610037203,-4.203780828346479,0.23665367533936663,1.3580371469740633,郸城县
2001_11_14,271.44087756415746,286.2162264972755,280.72237295937515,102588.41308540582,274.267374065721,102067.27545426993,0.0,1.5597467096810527,1.279844618437364,0.30639879644940593,1.362563937463977,郸城县
2001_11_15,272.0232935463813,288.0133887609534,280.797947944481,102547.03629528584,274.80759380643616,102030.44360486366,1.862645149230957e-09,0.3305166022246857,-0.21330366683815563,0.268163645779762,1.3670907279538904,郸城县
2001_11_16,271.8827794850911,289.96075489258214,280.5917688396268,102602.86928303166,274.8512987459371,102088.77271761418,4.284083843231201e-08,0.5315138699269161,-1.098471390708959,0.28238653589083235,1.371617518443804,郸城县
2001_11_17,271.83811506893227,289.66172947518095,281.08522558601624,102857.69064269628,273.7445864709747,102342.79549339204,0.0,-0.11850991632370042,-1.2317801984881918,0.2832366156069397,1.3761443089337178,郸城县
2001_11_18,272.9061905866187,290.9863053359399,282.4281441830413,102589.57159424269,275.0259736648606,102076.76443776692,0.0,1.9282499524135288,1.1908504980474146,0.26600938280241565,1.380671099423631,郸城县
2001_11_19,273.76895289819987,291.21001651586215,282.21284537500793,102443.01353949978,275.80535994824464,101931.06826153003,1.862645149230957e-09,1.3169751881249656,-1.376058024941453,0.26572803878128876,1.3851978899135449,郸城县
2001_11_20,274.5494471446192,291.49277864503705,282.7151934597646,102444.9409401061,276.1842600422897,101935.05154580172,4.284083843231201e-08,0.45647033141291093,1.3627162794258534,0.2714020871423641,1.3897246804034582,郸城县
2001_11_21,276.1826930656116,293.43024950332017,285.18979541519394,102321.82667613529,277.9774356653738,101813.8759392585,0.0,-0.28603219195634066,2.2641941117081537,0.2829657981830847,1.3942514708933718,郸城县
2001_11_22,274.61465404969647,293.5518473697786,286.1349848677687,102098.16056705065,280.0477207163785,101591.23378886851,0.0,-0.3921426126381522,2.6362859677718404,0.30168312491706206,1.3987782613832853,郸城县
2001_11_23,278.25471684193593,293.8785280329548,287.4422339017811,101812.51618534213,281.24433501126776,101307.78706702821,0.0,2.1456544042154095,1.10739697867209,0.2528998645013404,1.4033050518731989,郸城县
2001_11_24,272.04621968722535,292.5916344520367,284.70928768466047,101887.1709551809,277.9834051491683,101379.53408124381,0.0,-0.49482815937389724,-1.382928146006056,0.24904961009054852,1.4078318423631124,郸城县
2001_11_25,270.7017835472153,282.32257577022256,278.2338256142677,102772.3438580173,273.29157368407044,102247.17698857872,7.130308786377556e-05,-0.861524432729446,-1.1800940057904765,0.19452590420332355,1.412358632853026,郸城县
2001_11_26,267.39231032632233,283.99142191805845,278.2658476298505,102767.25455225528,274.03241198555384,102241.04554152506,2.1420419216156006e-08,-0.19160842867878314,-0.7018615108950113,0.2983125016623671,1.4168854233429393,郸城县
2001_11_28,276.5976982256759,285.22668557683346,282.20827596433344,101377.58494226224,279.11591577580697,100865.3921980313,2.289749830494025e-05,0.5096057826593998,-0.790816426785167,0.1288511844673582,1.4259390043227667,郸城县
2001_11_29,272.90680735786157,285.3627261013517,280.1047565966004,102040.75501835888,275.07310642707955,101522.50563031329,0.0,-0.04374274829697037,-2.553455505554154,0.17411550524097108,1.4304657948126802,郸城县
2001_11_30,274.2512899201786,285.71102497551686,281.5456753157521,102116.46975133913,276.0912341295071,101600.01449256108,0.00048777426308227597,-1.6815270974406693,0.7850736532916708,0.158770251695211,1.4349925853025938,郸城县
2001_12_06,271.34195653681616,277.62727938522517,274.99739399601225,103134.20621474345,271.81216185156046,102598.87897542556,4.284083843231201e-08,-1.3706112100900343,0.07861917719321572,0.04442124176545522,1.462153328242075,郸城县
2001_12_08,273.27932225615325,278.92888811540087,276.59735910463047,103330.46964323016,272.66389418901673,102794.87812495476,0.008564094554440642,-1.6839810975152678,-2.9034424753846593,0.31717907792656747,1.471206909221902,郸城县
2001_12_12,269.4262191200366,278.76708566420854,275.3767928405994,103381.95967088621,270.5888144545676,102844.88408965647,2.0127269391579887e-05,1.0388580064639898,-3.1423017855064614,0.14912600740863763,1.4893140711815562,郸城县
2001_12_13,263.25989503964047,275.1075285601521,271.7274337125282,103917.78205015573,268.3990680268303,103371.59792000885,0.0,1.750403774568396,-0.6659288305727039,0.3336199929713443,1.4938408616714698,郸城县
2001_12_14,267.70100084573164,279.10251919088864,273.80370486715157,103409.10215678948,268.49293729692084,102873.22417543703,1.862645149230957e-09,0.207456578794866,1.3284077916955837,0.316124788697021,1.4983676521613833,郸城县
2001_12_16,270.8313187834265,278.9459321419071,275.6678524516705,103034.5852887963,271.57642376334604,102502.06248710408,8.366714958073347e-05,-0.7864862426685899,-1.814290451190386,0.20267950994142098,1.5074212331412102,郸城县
2001_12_21,264.68961956646365,277.0081072275615,271.8699268788295,103605.87252124683,268.5466444557958,103064.42969960521,4.284083843231201e-08,1.8210757221905458,0.625328365203587,0.37324341274174994,1.530055185590778,郸城县
2001_12_22,267.26140047134214,280.1672401496162,273.7646625120388,102791.67739259393,268.69855636429895,102259.14482948558,0.0,1.6939765865312952,0.6821125690526564,0.3480112216084719,1.5345819760806918,郸城县
2001_12_23,266.17528444302195,279.05676107777515,273.41830958215047,102886.57821560714,269.3169604115312,102353.04052574305,0.0,-1.3794364217251331,-1.0909086186093129,0.20896468013353695,1.5391087665706051,郸城县
2001_12_24,259.276983824313,275.5539260627311,270.14054052439326,103888.36268645043,265.20035435929,103338.47852086094,0.0,-0.9909290318457572,-3.2611716601768355,0.2731759599811797,1.543635557060519,郸城县
2001_12_25,260.8584320619428,274.2107811215038,271.43781842888455,103851.99394697018,265.26416987954934,103304.01981055939,0.0,-0.2888798608339278,0.3741945782012249,0.38997327808270354,1.5481623475504322,郸城县
2001_12_27,265.82861726953035,278.42203395822025,272.8870896616091,103477.74136677761,268.2127891283597,102939.99367552626,0.0,0.9954547624026866,-0.407243854575221,0.25218454402926027,1.5572159285302594,郸城县
2001_12_28,266.77526506189116,280.76399780072586,275.6604233337483,102768.43465660815,269.51722951162964,102238.15200197292,0.0,2.9553928277498724,0.25709870286729963,0.3003860950424944,1.561742719020173,郸城县
2001_12_29,267.905185902354,284.05601500734167,275.9545141948508,102358.0835590167,270.6026861318195,101835.37775118095,0.0,2.1103776194160058,0.6716379461964256,0.31728248015949984,1.5662695095100865,郸城县
2001_12_30,273.9819527635921,285.9997650100126,279.6524291632085,101893.41167016166,271.13856132159617,101375.68649996874,1.4955301681736094e-06,1.3330287597743509,2.501283585154617,0.20603572728459535,1.5707963,郸城县
